gmu_ood_cka:

tensor([[0.7009, 0.6848, 0.6673, 0.5521, 0.4336, 0.4455],
        [0.6047, 0.6489, 0.6973, 0.5884, 0.5017, 0.5156],
        [0.5722, 0.6181, 0.6901, 0.5987, 0.5302, 0.5410],
        [0.3783, 0.4197, 0.4973, 0.5136, 0.4569, 0.4546],
        [0.3162, 0.3408, 0.4009, 0.3899, 0.5528, 0.5691],
        [0.3399, 0.3625, 0.4217, 0.4031, 0.5579, 0.5766]], device='cuda:0')



cnn_ood_cka:

tensor([[0.9945, 0.8598, 0.7939, 0.5567, 0.3989, 0.4139],
        [0.8660, 0.9705, 0.9158, 0.6498, 0.4460, 0.4564],
        [0.7771, 0.9060, 0.9605, 0.7450, 0.5085, 0.5164],
        [0.6097, 0.7484, 0.8324, 0.8271, 0.5181, 0.5202],
        [0.4453, 0.4803, 0.5664, 0.5589, 0.6264, 0.6216],
        [0.4578, 0.4912, 0.5771, 0.5447, 0.6435, 0.6448]], device='cuda:0')


cka_output_cnn_normal

tensor([[0.9955, 0.9222, 0.8189, 0.5203, 0.4070, 0.4456],
        [0.9277, 0.9811, 0.9149, 0.6125, 0.4605, 0.4977],
        [0.8186, 0.9293, 0.9740, 0.7332, 0.5366, 0.5718],
        [0.6094, 0.7357, 0.8456, 0.8653, 0.5456, 0.5676],
        [0.4816, 0.5327, 0.6274, 0.5831, 0.7113, 0.7254],
        [0.5012, 0.5524, 0.6449, 0.5815, 0.7461, 0.7699]], device='cuda:0')


cka_output_cnn_normal_self
tensor([[1.0000, 0.9249, 0.8114, 0.6063, 0.4775, 0.4972],
        [0.9249, 1.0000, 0.9180, 0.7145, 0.5417, 0.5614],
        [0.8114, 0.9180, 1.0000, 0.8568, 0.6396, 0.6551],
        [0.6063, 0.7145, 0.8568, 1.0000, 0.6836, 0.6805],
        [0.4775, 0.5417, 0.6396, 0.6835, 1.0000, 0.9859],
        [0.4972, 0.5614, 0.6551, 0.6805, 0.9859, 1.0000]], device='cuda:0')


cka_output_gmu_normal
Out[18]: 
tensor([[0.8455, 0.7362, 0.7002, 0.4733, 0.4054, 0.4509],
        [0.8591, 0.8090, 0.7762, 0.5394, 0.4533, 0.5016],
        [0.8359, 0.8659, 0.8633, 0.6456, 0.5354, 0.5764],
        [0.7079, 0.7507, 0.7716, 0.7303, 0.5465, 0.5743],
        [0.5680, 0.6494, 0.6913, 0.6140, 0.7375, 0.7502],
        [0.5898, 0.6707, 0.7120, 0.6292, 0.7684, 0.7906]], device='cuda:0')


cka_output_random_normal_self
Out[19]: 
tensor([[0.9949, 0.9696, 0.8908, 0.7903, 0.5325, 0.5014],
        [0.9658, 0.9828, 0.9462, 0.8531, 0.5780, 0.5462],
        [0.8859, 0.9400, 0.9735, 0.9175, 0.6516, 0.6169],
        [0.7825, 0.8399, 0.9115, 0.9187, 0.7190, 0.6807],
        [0.4997, 0.5316, 0.6036, 0.6645, 0.6667, 0.6359],
        [0.4858, 0.5153, 0.5837, 0.6421, 0.6679, 0.6135]], device='cuda:0')


